(kicad_pcb (version 20171130) (host pcbnew "(5.1.10)-1")

  (general
    (thickness 1.6)
    (drawings 9)
    (tracks 332)
    (zones 0)
    (modules 58)
    (nets 63)
  )

  (page A4)
  (layers
    (0 F.Cu signal)
    (31 B.Cu signal)
    (32 B.Adhes user)
    (33 F.Adhes user)
    (34 B.Paste user)
    (35 F.Paste user)
    (36 B.SilkS user)
    (37 F.SilkS user)
    (38 B.Mask user)
    (39 F.Mask user)
    (40 Dwgs.User user)
    (41 Cmts.User user hide)
    (42 Eco1.User user hide)
    (43 Eco2.User user hide)
    (44 Edge.Cuts user)
    (45 Margin user hide)
    (46 B.CrtYd user hide)
    (47 F.CrtYd user hide)
    (48 B.Fab user hide)
    (49 F.Fab user hide)
  )

  (setup
    (last_trace_width 0.5)
    (trace_clearance 0.25)
    (zone_clearance 0.508)
    (zone_45_only no)
    (trace_min 0.25)
    (via_size 0.8)
    (via_drill 0.4)
    (via_min_size 0.4)
    (via_min_drill 0.3)
    (uvia_size 0.3)
    (uvia_drill 0.1)
    (uvias_allowed no)
    (uvia_min_size 0.25)
    (uvia_min_drill 0.1)
    (edge_width 0.1)
    (segment_width 0.2)
    (pcb_text_width 0.3)
    (pcb_text_size 1.5 1.5)
    (mod_edge_width 0.15)
    (mod_text_size 1 1)
    (mod_text_width 0.15)
    (pad_size 1.524 1.524)
    (pad_drill 0.762)
    (pad_to_mask_clearance 0)
    (aux_axis_origin 0 0)
    (visible_elements 7EFFFFFF)
    (pcbplotparams
      (layerselection 0x010e0_ffffffff)
      (usegerberextensions false)
      (usegerberattributes true)
      (usegerberadvancedattributes true)
      (creategerberjobfile true)
      (excludeedgelayer true)
      (linewidth 0.100000)
      (plotframeref false)
      (viasonmask false)
      (mode 1)
      (useauxorigin false)
      (hpglpennumber 1)
      (hpglpenspeed 20)
      (hpglpendiameter 15.000000)
      (psnegative false)
      (psa4output false)
      (plotreference true)
      (plotvalue true)
      (plotinvisibletext false)
      (padsonsilk false)
      (subtractmaskfromsilk false)
      (outputformat 1)
      (mirror false)
      (drillshape 0)
      (scaleselection 1)
      (outputdirectory "../Print_Files/"))
  )

  (net 0 "")
  (net 1 "Net-(C1-Pad2)")
  (net 2 "Net-(C1-Pad1)")
  (net 3 GND)
  (net 4 +3V3)
  (net 5 "Net-(C3-Pad1)")
  (net 6 "Net-(C3-Pad2)")
  (net 7 "Net-(C8-Pad2)")
  (net 8 "Net-(C10-Pad2)")
  (net 9 "Net-(C11-Pad2)")
  (net 10 "Net-(D1-Pad1)")
  (net 11 +24V)
  (net 12 "Net-(J1-Pad5)")
  (net 13 Test)
  (net 14 RST)
  (net 15 K1)
  (net 16 K2)
  (net 17 K3)
  (net 18 "Net-(K1-Pad4)")
  (net 19 "Net-(K2-Pad4)")
  (net 20 "Net-(K3-Pad4)")
  (net 21 "Net-(Q1-Pad2)")
  (net 22 "Net-(R3-Pad2)")
  (net 23 P1.3)
  (net 24 P2.0)
  (net 25 P2.1)
  (net 26 P2.2)
  (net 27 P1.0)
  (net 28 "Net-(U2-Pad2)")
  (net 29 "Net-(U3-Pad2)")
  (net 30 "Net-(U3-Pad3)")
  (net 31 "Net-(U3-Pad5)")
  (net 32 "Net-(U3-Pad6)")
  (net 33 "Net-(U3-Pad7)")
  (net 34 "Net-(U3-Pad8)")
  (net 35 "Net-(U3-Pad9)")
  (net 36 "Net-(U3-Pad10)")
  (net 37 "Net-(U4-Pad11)")
  (net 38 "Net-(U4-Pad12)")
  (net 39 "Net-(U4-Pad13)")
  (net 40 "Net-(U4-Pad14)")
  (net 41 "Net-(U4-Pad15)")
  (net 42 "Net-(U4-Pad6)")
  (net 43 "Net-(U4-Pad7)")
  (net 44 "Net-(U5-Pad9)")
  (net 45 "Net-(U5-Pad6)")
  (net 46 "Net-(U7-Pad4)")
  (net 47 +5V)
  (net 48 "Net-(D6-Pad2)")
  (net 49 "Net-(J5-Pad1)")
  (net 50 "Net-(J2-Pad1)")
  (net 51 "Net-(C14-Pad1)")
  (net 52 "Net-(D3-Pad2)")
  (net 53 "Net-(D4-Pad2)")
  (net 54 "Net-(D5-Pad2)")
  (net 55 "Net-(Q1-Pad1)")
  (net 56 "Net-(Q2-Pad1)")
  (net 57 "Net-(Q3-Pad1)")
  (net 58 "Net-(Q4-Pad1)")
  (net 59 "Net-(R12-Pad1)")
  (net 60 "Net-(J1-Pad2)")
  (net 61 "Net-(J1-Pad3)")
  (net 62 "Net-(R13-Pad1)")

  (net_class Default "This is the default net class."
    (clearance 0.25)
    (trace_width 0.5)
    (via_dia 0.8)
    (via_drill 0.4)
    (uvia_dia 0.3)
    (uvia_drill 0.1)
    (add_net +24V)
    (add_net +3V3)
    (add_net +5V)
    (add_net GND)
    (add_net K1)
    (add_net K2)
    (add_net K3)
    (add_net "Net-(C1-Pad1)")
    (add_net "Net-(C1-Pad2)")
    (add_net "Net-(C10-Pad2)")
    (add_net "Net-(C11-Pad2)")
    (add_net "Net-(C14-Pad1)")
    (add_net "Net-(C3-Pad1)")
    (add_net "Net-(C3-Pad2)")
    (add_net "Net-(C8-Pad2)")
    (add_net "Net-(D1-Pad1)")
    (add_net "Net-(D3-Pad2)")
    (add_net "Net-(D4-Pad2)")
    (add_net "Net-(D5-Pad2)")
    (add_net "Net-(D6-Pad2)")
    (add_net "Net-(J1-Pad2)")
    (add_net "Net-(J1-Pad3)")
    (add_net "Net-(J1-Pad5)")
    (add_net "Net-(J2-Pad1)")
    (add_net "Net-(J5-Pad1)")
    (add_net "Net-(K1-Pad4)")
    (add_net "Net-(K2-Pad4)")
    (add_net "Net-(K3-Pad4)")
    (add_net "Net-(Q1-Pad1)")
    (add_net "Net-(Q1-Pad2)")
    (add_net "Net-(Q2-Pad1)")
    (add_net "Net-(Q3-Pad1)")
    (add_net "Net-(Q4-Pad1)")
    (add_net "Net-(R12-Pad1)")
    (add_net "Net-(R13-Pad1)")
    (add_net "Net-(R3-Pad2)")
    (add_net "Net-(U2-Pad2)")
    (add_net "Net-(U3-Pad10)")
    (add_net "Net-(U3-Pad2)")
    (add_net "Net-(U3-Pad3)")
    (add_net "Net-(U3-Pad5)")
    (add_net "Net-(U3-Pad6)")
    (add_net "Net-(U3-Pad7)")
    (add_net "Net-(U3-Pad8)")
    (add_net "Net-(U3-Pad9)")
    (add_net "Net-(U4-Pad11)")
    (add_net "Net-(U4-Pad12)")
    (add_net "Net-(U4-Pad13)")
    (add_net "Net-(U4-Pad14)")
    (add_net "Net-(U4-Pad15)")
    (add_net "Net-(U4-Pad6)")
    (add_net "Net-(U4-Pad7)")
    (add_net "Net-(U5-Pad6)")
    (add_net "Net-(U5-Pad9)")
    (add_net "Net-(U7-Pad4)")
    (add_net P1.0)
    (add_net P1.3)
    (add_net P2.0)
    (add_net P2.1)
    (add_net P2.2)
    (add_net RST)
    (add_net Test)
  )

  (net_class Data ""
    (clearance 0.25)
    (trace_width 0.35)
    (via_dia 0.8)
    (via_drill 0.4)
    (uvia_dia 0.3)
    (uvia_drill 0.1)
  )

  (module Connector_Pin:Pin_D1.1mm_L8.5mm_W2.5mm_FlatFork (layer F.Cu) (tedit 5A1DC085) (tstamp 6183CC9C)
    (at 65.4304 76.8477)
    (descr "solder Pin_ with flat fork, hole diameter 1.1mm, length 8.5mm, width 2.5mm")
    (tags "solder Pin_ with flat fork")
    (path /618654F4)
    (fp_text reference J6 (at 0 2.1) (layer F.SilkS)
      (effects (font (size 1 1) (thickness 0.15)))
    )
    (fp_text value Header (at 0 -2.05) (layer F.Fab)
      (effects (font (size 1 1) (thickness 0.15)))
    )
    (fp_line (start 1.75 1.6) (end -1.75 1.6) (layer F.CrtYd) (width 0.05))
    (fp_line (start 1.75 1.6) (end 1.75 -1.6) (layer F.CrtYd) (width 0.05))
    (fp_line (start -1.75 -1.6) (end -1.75 1.6) (layer F.CrtYd) (width 0.05))
    (fp_line (start -1.75 -1.6) (end 1.75 -1.6) (layer F.CrtYd) (width 0.05))
    (fp_line (start 1.25 -0.25) (end -1.25 -0.25) (layer F.Fab) (width 0.12))
    (fp_line (start 1.25 0.25) (end 1.25 -0.25) (layer F.Fab) (width 0.12))
    (fp_line (start -1.25 0.25) (end 1.25 0.25) (layer F.Fab) (width 0.12))
    (fp_line (start -1.25 -0.25) (end -1.25 0.25) (layer F.Fab) (width 0.12))
    (fp_line (start -1.3 1.3) (end 1.3 1.3) (layer F.SilkS) (width 0.12))
    (fp_line (start 1.3 -1.3) (end 1.3 1.3) (layer F.SilkS) (width 0.12))
    (fp_line (start -1.3 -1.3) (end 1.3 -1.3) (layer F.SilkS) (width 0.12))
    (fp_line (start -1.3 1.3) (end -1.3 -1.3) (layer F.SilkS) (width 0.12))
    (fp_text user %R (at 0 2.1) (layer F.Fab)
      (effects (font (size 1 1) (thickness 0.15)))
    )
    (pad 1 thru_hole circle (at 0 0) (size 2.2 2.2) (drill 1.1) (layers *.Cu *.Mask)
      (net 27 P1.0))
    (model ${KISYS3DMOD}/Connector_Pin.3dshapes/Pin_D1.1mm_L8.5mm_W2.5mm_FlatFork.wrl
      (at (xyz 0 0 0))
      (scale (xyz 1 1 1))
      (rotate (xyz 0 0 0))
    )
  )

  (module TerminalBlock_Phoenix:TerminalBlock_Phoenix_MKDS-1,5-7_1x07_P5.00mm_Horizontal (layer F.Cu) (tedit 5B294EE8) (tstamp 61849AF7)
    (at 129.584 89.314 90)
    (descr "Terminal Block Phoenix MKDS-1,5-7, 7 pins, pitch 5mm, size 35x9.8mm^2, drill diamater 1.3mm, pad diameter 2.6mm, see http://www.farnell.com/datasheets/100425.pdf, script-generated using https://github.com/pointhi/kicad-footprint-generator/scripts/TerminalBlock_Phoenix")
    (tags "THT Terminal Block Phoenix MKDS-1,5-7 pitch 5mm size 35x9.8mm^2 drill 1.3mm pad 2.6mm")
    (path /6189F84F)
    (fp_text reference J2 (at 15 -7.084 90) (layer F.SilkS)
      (effects (font (size 1 1) (thickness 0.15)))
    )
    (fp_text value Conn_01x07_Female (at 15 5.66 90) (layer F.Fab)
      (effects (font (size 1 1) (thickness 0.15)))
    )
    (fp_circle (center 0 0) (end 1.5 0) (layer F.Fab) (width 0.1))
    (fp_circle (center 5 0) (end 6.5 0) (layer F.Fab) (width 0.1))
    (fp_circle (center 5 0) (end 6.68 0) (layer F.SilkS) (width 0.12))
    (fp_circle (center 10 0) (end 11.5 0) (layer F.Fab) (width 0.1))
    (fp_circle (center 10 0) (end 11.68 0) (layer F.SilkS) (width 0.12))
    (fp_circle (center 15 0) (end 16.5 0) (layer F.Fab) (width 0.1))
    (fp_circle (center 15 0) (end 16.68 0) (layer F.SilkS) (width 0.12))
    (fp_circle (center 20 0) (end 21.5 0) (layer F.Fab) (width 0.1))
    (fp_circle (center 20 0) (end 21.68 0) (layer F.SilkS) (width 0.12))
    (fp_circle (center 25 0) (end 26.5 0) (layer F.Fab) (width 0.1))
    (fp_circle (center 25 0) (end 26.68 0) (layer F.SilkS) (width 0.12))
    (fp_circle (center 30 0) (end 31.5 0) (layer F.Fab) (width 0.1))
    (fp_circle (center 30 0) (end 31.68 0) (layer F.SilkS) (width 0.12))
    (fp_line (start -2.5 -5.2) (end 32.5 -5.2) (layer F.Fab) (width 0.1))
    (fp_line (start 32.5 -5.2) (end 32.5 4.6) (layer F.Fab) (width 0.1))
    (fp_line (start 32.5 4.6) (end -2 4.6) (layer F.Fab) (width 0.1))
    (fp_line (start -2 4.6) (end -2.5 4.1) (layer F.Fab) (width 0.1))
    (fp_line (start -2.5 4.1) (end -2.5 -5.2) (layer F.Fab) (width 0.1))
    (fp_line (start -2.5 4.1) (end 32.5 4.1) (layer F.Fab) (width 0.1))
    (fp_line (start -2.56 4.1) (end 32.56 4.1) (layer F.SilkS) (width 0.12))
    (fp_line (start -2.5 2.6) (end 32.5 2.6) (layer F.Fab) (width 0.1))
    (fp_line (start -2.56 2.6) (end 32.56 2.6) (layer F.SilkS) (width 0.12))
    (fp_line (start -2.5 -2.3) (end 32.5 -2.3) (layer F.Fab) (width 0.1))
    (fp_line (start -2.56 -2.301) (end 32.56 -2.301) (layer F.SilkS) (width 0.12))
    (fp_line (start -2.56 -5.261) (end 32.56 -5.261) (layer F.SilkS) (width 0.12))
    (fp_line (start -2.56 4.66) (end 32.56 4.66) (layer F.SilkS) (width 0.12))
    (fp_line (start -2.56 -5.261) (end -2.56 4.66) (layer F.SilkS) (width 0.12))
    (fp_line (start 32.56 -5.261) (end 32.56 4.66) (layer F.SilkS) (width 0.12))
    (fp_line (start 1.138 -0.955) (end -0.955 1.138) (layer F.Fab) (width 0.1))
    (fp_line (start 0.955 -1.138) (end -1.138 0.955) (layer F.Fab) (width 0.1))
    (fp_line (start 6.138 -0.955) (end 4.046 1.138) (layer F.Fab) (width 0.1))
    (fp_line (start 5.955 -1.138) (end 3.863 0.955) (layer F.Fab) (width 0.1))
    (fp_line (start 6.275 -1.069) (end 6.228 -1.023) (layer F.SilkS) (width 0.12))
    (fp_line (start 3.966 1.239) (end 3.931 1.274) (layer F.SilkS) (width 0.12))
    (fp_line (start 6.07 -1.275) (end 6.035 -1.239) (layer F.SilkS) (width 0.12))
    (fp_line (start 3.773 1.023) (end 3.726 1.069) (layer F.SilkS) (width 0.12))
    (fp_line (start 11.138 -0.955) (end 9.046 1.138) (layer F.Fab) (width 0.1))
    (fp_line (start 10.955 -1.138) (end 8.863 0.955) (layer F.Fab) (width 0.1))
    (fp_line (start 11.275 -1.069) (end 11.228 -1.023) (layer F.SilkS) (width 0.12))
    (fp_line (start 8.966 1.239) (end 8.931 1.274) (layer F.SilkS) (width 0.12))
    (fp_line (start 11.07 -1.275) (end 11.035 -1.239) (layer F.SilkS) (width 0.12))
    (fp_line (start 8.773 1.023) (end 8.726 1.069) (layer F.SilkS) (width 0.12))
    (fp_line (start 16.138 -0.955) (end 14.046 1.138) (layer F.Fab) (width 0.1))
    (fp_line (start 15.955 -1.138) (end 13.863 0.955) (layer F.Fab) (width 0.1))
    (fp_line (start 16.275 -1.069) (end 16.228 -1.023) (layer F.SilkS) (width 0.12))
    (fp_line (start 13.966 1.239) (end 13.931 1.274) (layer F.SilkS) (width 0.12))
    (fp_line (start 16.07 -1.275) (end 16.035 -1.239) (layer F.SilkS) (width 0.12))
    (fp_line (start 13.773 1.023) (end 13.726 1.069) (layer F.SilkS) (width 0.12))
    (fp_line (start 21.138 -0.955) (end 19.046 1.138) (layer F.Fab) (width 0.1))
    (fp_line (start 20.955 -1.138) (end 18.863 0.955) (layer F.Fab) (width 0.1))
    (fp_line (start 21.275 -1.069) (end 21.228 -1.023) (layer F.SilkS) (width 0.12))
    (fp_line (start 18.966 1.239) (end 18.931 1.274) (layer F.SilkS) (width 0.12))
    (fp_line (start 21.07 -1.275) (end 21.035 -1.239) (layer F.SilkS) (width 0.12))
    (fp_line (start 18.773 1.023) (end 18.726 1.069) (layer F.SilkS) (width 0.12))
    (fp_line (start 26.138 -0.955) (end 24.046 1.138) (layer F.Fab) (width 0.1))
    (fp_line (start 25.955 -1.138) (end 23.863 0.955) (layer F.Fab) (width 0.1))
    (fp_line (start 26.275 -1.069) (end 26.228 -1.023) (layer F.SilkS) (width 0.12))
    (fp_line (start 23.966 1.239) (end 23.931 1.274) (layer F.SilkS) (width 0.12))
    (fp_line (start 26.07 -1.275) (end 26.035 -1.239) (layer F.SilkS) (width 0.12))
    (fp_line (start 23.773 1.023) (end 23.726 1.069) (layer F.SilkS) (width 0.12))
    (fp_line (start 31.138 -0.955) (end 29.046 1.138) (layer F.Fab) (width 0.1))
    (fp_line (start 30.955 -1.138) (end 28.863 0.955) (layer F.Fab) (width 0.1))
    (fp_line (start 31.275 -1.069) (end 31.228 -1.023) (layer F.SilkS) (width 0.12))
    (fp_line (start 28.966 1.239) (end 28.931 1.274) (layer F.SilkS) (width 0.12))
    (fp_line (start 31.07 -1.275) (end 31.035 -1.239) (layer F.SilkS) (width 0.12))
    (fp_line (start 28.773 1.023) (end 28.726 1.069) (layer F.SilkS) (width 0.12))
    (fp_line (start -2.8 4.16) (end -2.8 4.9) (layer F.SilkS) (width 0.12))
    (fp_line (start -2.8 4.9) (end -2.3 4.9) (layer F.SilkS) (width 0.12))
    (fp_line (start -3 -5.71) (end -3 5.1) (layer F.CrtYd) (width 0.05))
    (fp_line (start -3 5.1) (end 33 5.1) (layer F.CrtYd) (width 0.05))
    (fp_line (start 33 5.1) (end 33 -5.71) (layer F.CrtYd) (width 0.05))
    (fp_line (start 33 -5.71) (end -3 -5.71) (layer F.CrtYd) (width 0.05))
    (fp_arc (start 0 0) (end 0 1.68) (angle -24) (layer F.SilkS) (width 0.12))
    (fp_arc (start 0 0) (end 1.535 0.684) (angle -48) (layer F.SilkS) (width 0.12))
    (fp_arc (start 0 0) (end 0.684 -1.535) (angle -48) (layer F.SilkS) (width 0.12))
    (fp_arc (start 0 0) (end -1.535 -0.684) (angle -48) (layer F.SilkS) (width 0.12))
    (fp_arc (start 0 0) (end -0.684 1.535) (angle -25) (layer F.SilkS) (width 0.12))
    (fp_text user %R (at 15 3.2 90) (layer F.Fab)
      (effects (font (size 1 1) (thickness 0.15)))
    )
    (pad 1 thru_hole rect (at 0 0 90) (size 2.6 2.6) (drill 1.3) (layers *.Cu *.Mask)
      (net 50 "Net-(J2-Pad1)"))
    (pad 2 thru_hole circle (at 5 0 90) (size 2.6 2.6) (drill 1.3) (layers *.Cu *.Mask)
      (net 1 "Net-(C1-Pad2)"))
    (pad 3 thru_hole circle (at 10 0 90) (size 2.6 2.6) (drill 1.3) (layers *.Cu *.Mask)
      (net 15 K1))
    (pad 4 thru_hole circle (at 15 0 90) (size 2.6 2.6) (drill 1.3) (layers *.Cu *.Mask)
      (net 16 K2))
    (pad 5 thru_hole circle (at 20 0 90) (size 2.6 2.6) (drill 1.3) (layers *.Cu *.Mask)
      (net 17 K3))
    (pad 6 thru_hole circle (at 25 0 90) (size 2.6 2.6) (drill 1.3) (layers *.Cu *.Mask)
      (net 11 +24V))
    (pad 7 thru_hole circle (at 30 0 90) (size 2.6 2.6) (drill 1.3) (layers *.Cu *.Mask)
      (net 3 GND))
    (model ${KISYS3DMOD}/TerminalBlock_Phoenix.3dshapes/TerminalBlock_Phoenix_MKDS-1,5-7_1x07_P5.00mm_Horizontal.wrl
      (at (xyz 0 0 0))
      (scale (xyz 1 1 1))
      (rotate (xyz 0 0 0))
    )
  )

  (module Resistor_SMD:R_0603_1608Metric_Pad0.98x0.95mm_HandSolder (layer F.Cu) (tedit 5F68FEEE) (tstamp 61844B3D)
    (at 67.9069 92.4814 270)
    (descr "Resistor SMD 0603 (1608 Metric), square (rectangular) end terminal, IPC_7351 nominal with elongated pad for handsoldering. (Body size source: IPC-SM-782 page 72, https://www.pcb-3d.com/wordpress/wp-content/uploads/ipc-sm-782a_amendment_1_and_2.pdf), generated with kicad-footprint-generator")
    (tags "resistor handsolder")
    (path /615296E5)
    (attr smd)
    (fp_text reference R6 (at -0.1524 1.4224 90) (layer F.SilkS)
      (effects (font (size 1 1) (thickness 0.15)))
    )
    (fp_text value 10K (at 0 1.43 90) (layer F.Fab)
      (effects (font (size 1 1) (thickness 0.15)))
    )
    (fp_line (start 1.65 0.73) (end -1.65 0.73) (layer F.CrtYd) (width 0.05))
    (fp_line (start 1.65 -0.73) (end 1.65 0.73) (layer F.CrtYd) (width 0.05))
    (fp_line (start -1.65 -0.73) (end 1.65 -0.73) (layer F.CrtYd) (width 0.05))
    (fp_line (start -1.65 0.73) (end -1.65 -0.73) (layer F.CrtYd) (width 0.05))
    (fp_line (start -0.254724 0.5225) (end 0.254724 0.5225) (layer F.SilkS) (width 0.12))
    (fp_line (start -0.254724 -0.5225) (end 0.254724 -0.5225) (layer F.SilkS) (width 0.12))
    (fp_line (start 0.8 0.4125) (end -0.8 0.4125) (layer F.Fab) (width 0.1))
    (fp_line (start 0.8 -0.4125) (end 0.8 0.4125) (layer F.Fab) (width 0.1))
    (fp_line (start -0.8 -0.4125) (end 0.8 -0.4125) (layer F.Fab) (width 0.1))
    (fp_line (start -0.8 0.4125) (end -0.8 -0.4125) (layer F.Fab) (width 0.1))
    (fp_text user %R (at 0 0 90) (layer F.Fab)
      (effects (font (size 0.4 0.4) (thickness 0.06)))
    )
    (pad 2 smd roundrect (at 0.9125 0 270) (size 0.975 0.95) (layers F.Cu F.Paste F.Mask) (roundrect_rratio 0.25)
      (net 55 "Net-(Q1-Pad1)"))
    (pad 1 smd roundrect (at -0.9125 0 270) (size 0.975 0.95) (layers F.Cu F.Paste F.Mask) (roundrect_rratio 0.25)
      (net 23 P1.3))
    (model ${KISYS3DMOD}/Resistor_SMD.3dshapes/R_0603_1608Metric.wrl
      (at (xyz 0 0 0))
      (scale (xyz 1 1 1))
      (rotate (xyz 0 0 0))
    )
  )

  (module Package_TO_SOT_SMD:SOT-23-5 (layer F.Cu) (tedit 5A02FF57) (tstamp 6183C277)
    (at 50.419 76.3905 90)
    (descr "5-pin SOT23 package")
    (tags SOT-23-5)
    (path /6168E9DD)
    (attr smd)
    (fp_text reference U7 (at -0.1397 2.8956 270) (layer F.SilkS)
      (effects (font (size 1 1) (thickness 0.15)))
    )
    (fp_text value MIC5317-3.3YM5-TR (at 0 2.9 90) (layer F.Fab)
      (effects (font (size 1 1) (thickness 0.15)))
    )
    (fp_line (start 0.9 -1.55) (end 0.9 1.55) (layer F.Fab) (width 0.1))
    (fp_line (start 0.9 1.55) (end -0.9 1.55) (layer F.Fab) (width 0.1))
    (fp_line (start -0.9 -0.9) (end -0.9 1.55) (layer F.Fab) (width 0.1))
    (fp_line (start 0.9 -1.55) (end -0.25 -1.55) (layer F.Fab) (width 0.1))
    (fp_line (start -0.9 -0.9) (end -0.25 -1.55) (layer F.Fab) (width 0.1))
    (fp_line (start -1.9 1.8) (end -1.9 -1.8) (layer F.CrtYd) (width 0.05))
    (fp_line (start 1.9 1.8) (end -1.9 1.8) (layer F.CrtYd) (width 0.05))
    (fp_line (start 1.9 -1.8) (end 1.9 1.8) (layer F.CrtYd) (width 0.05))
    (fp_line (start -1.9 -1.8) (end 1.9 -1.8) (layer F.CrtYd) (width 0.05))
    (fp_line (start 0.9 -1.61) (end -1.55 -1.61) (layer F.SilkS) (width 0.12))
    (fp_line (start -0.9 1.61) (end 0.9 1.61) (layer F.SilkS) (width 0.12))
    (fp_text user %R (at 0 0) (layer F.Fab)
      (effects (font (size 0.5 0.5) (thickness 0.075)))
    )
    (pad 5 smd rect (at 1.1 -0.95 90) (size 1.06 0.65) (layers F.Cu F.Paste F.Mask)
      (net 4 +3V3))
    (pad 4 smd rect (at 1.1 0.95 90) (size 1.06 0.65) (layers F.Cu F.Paste F.Mask)
      (net 46 "Net-(U7-Pad4)"))
    (pad 3 smd rect (at -1.1 0.95 90) (size 1.06 0.65) (layers F.Cu F.Paste F.Mask)
      (net 59 "Net-(R12-Pad1)"))
    (pad 2 smd rect (at -1.1 0 90) (size 1.06 0.65) (layers F.Cu F.Paste F.Mask)
      (net 3 GND))
    (pad 1 smd rect (at -1.1 -0.95 90) (size 1.06 0.65) (layers F.Cu F.Paste F.Mask)
      (net 47 +5V))
    (model ${KISYS3DMOD}/Package_TO_SOT_SMD.3dshapes/SOT-23-5.wrl
      (at (xyz 0 0 0))
      (scale (xyz 1 1 1))
      (rotate (xyz 0 0 0))
    )
  )

  (module Connector_USB:USB_B_Lumberg_2411_02_Horizontal (layer F.Cu) (tedit 5E6EAC30) (tstamp 61844CC4)
    (at 50.6408 62.458 180)
    (descr "USB 2.0 receptacle type B, horizontal version, through-hole, https://downloads.lumberg.com/datenblaetter/en/2411_02.pdf")
    (tags "USB B receptacle horizontal through-hole")
    (path /614DE029)
    (fp_text reference J1 (at 7.5 -7.65) (layer F.SilkS)
      (effects (font (size 1 1) (thickness 0.15)))
    )
    (fp_text value USB_B (at 7.05 10.45) (layer F.Fab)
      (effects (font (size 1 1) (thickness 0.15)))
    )
    (fp_line (start -1.24 7.25) (end -1.24 -4.75) (layer F.Fab) (width 0.1))
    (fp_line (start -1.24 -4.75) (end 15.16 -4.75) (layer F.Fab) (width 0.1))
    (fp_line (start 15.16 -4.75) (end 15.16 7.25) (layer F.Fab) (width 0.1))
    (fp_line (start 15.16 7.25) (end -1.24 7.25) (layer F.Fab) (width 0.1))
    (fp_line (start -1.24 0.49) (end -0.75 0) (layer F.Fab) (width 0.1))
    (fp_line (start -0.75 0) (end -1.24 -0.49) (layer F.Fab) (width 0.1))
    (fp_line (start -1.35 7.36) (end -1.35 -4.86) (layer F.SilkS) (width 0.12))
    (fp_line (start -1.35 7.36) (end 2.4 7.36) (layer F.SilkS) (width 0.12))
    (fp_line (start -1.35 -4.86) (end 2.4 -4.86) (layer F.SilkS) (width 0.12))
    (fp_line (start 15.27 7.36) (end 15.27 -4.86) (layer F.SilkS) (width 0.12))
    (fp_line (start 15.27 -4.86) (end 7.3 -4.86) (layer F.SilkS) (width 0.12))
    (fp_line (start 15.27 7.36) (end 7.3 7.36) (layer F.SilkS) (width 0.12))
    (fp_line (start -1.55 0) (end -2.05 -0.5) (layer F.SilkS) (width 0.12))
    (fp_line (start -2.05 -0.5) (end -2.05 0.5) (layer F.SilkS) (width 0.12))
    (fp_line (start -2.05 0.5) (end -1.55 0) (layer F.SilkS) (width 0.12))
    (fp_line (start -1.74 9.75) (end 15.66 9.75) (layer F.CrtYd) (width 0.05))
    (fp_line (start 15.66 9.75) (end 15.66 -7.25) (layer F.CrtYd) (width 0.05))
    (fp_line (start 15.66 -7.25) (end -1.74 -7.25) (layer F.CrtYd) (width 0.05))
    (fp_line (start -1.74 -7.25) (end -1.74 9.75) (layer F.CrtYd) (width 0.05))
    (fp_text user %R (at 7.5 1.25 180) (layer F.Fab)
      (effects (font (size 1 1) (thickness 0.15)))
    )
    (pad 1 thru_hole rect (at 0 0 270) (size 1.6 1.6) (drill 0.95) (layers *.Cu *.Mask)
      (net 47 +5V))
    (pad 2 thru_hole circle (at 0 2.5 270) (size 1.6 1.6) (drill 0.95) (layers *.Cu *.Mask)
      (net 60 "Net-(J1-Pad2)"))
    (pad 3 thru_hole circle (at 2 2.5 270) (size 1.6 1.6) (drill 0.95) (layers *.Cu *.Mask)
      (net 61 "Net-(J1-Pad3)"))
    (pad 4 thru_hole circle (at 2 0 270) (size 1.6 1.6) (drill 0.95) (layers *.Cu *.Mask)
      (net 3 GND))
    (pad 5 thru_hole circle (at 4.86 7.25 270) (size 4 4) (drill 2.3) (layers *.Cu *.Mask)
      (net 12 "Net-(J1-Pad5)"))
    (pad 5 thru_hole circle (at 4.86 -4.75 270) (size 4 4) (drill 2.3) (layers *.Cu *.Mask)
      (net 12 "Net-(J1-Pad5)"))
    (model ${KISYS3DMOD}/Connector_USB.3dshapes/USB_B_Lumberg_2411_02_Horizontal.wrl
      (at (xyz 0 0 0))
      (scale (xyz 1 1 1))
      (rotate (xyz 0 0 0))
    )
  )

  (module Capacitor_SMD:C_0603_1608Metric_Pad1.08x0.95mm_HandSolder (layer F.Cu) (tedit 5F68FEEF) (tstamp 61844D6E)
    (at 51.7573 97.8656)
    (descr "Capacitor SMD 0603 (1608 Metric), square (rectangular) end terminal, IPC_7351 nominal with elongated pad for handsoldering. (Body size source: IPC-SM-782 page 76, https://www.pcb-3d.com/wordpress/wp-content/uploads/ipc-sm-782a_amendment_1_and_2.pdf), generated with kicad-footprint-generator")
    (tags "capacitor handsolder")
    (path /614FE6E9)
    (attr smd)
    (fp_text reference C1 (at 0 -1.43) (layer F.SilkS)
      (effects (font (size 1 1) (thickness 0.15)))
    )
    (fp_text value 100pF (at 0 1.43) (layer F.Fab)
      (effects (font (size 1 1) (thickness 0.15)))
    )
    (fp_line (start 1.65 0.73) (end -1.65 0.73) (layer F.CrtYd) (width 0.05))
    (fp_line (start 1.65 -0.73) (end 1.65 0.73) (layer F.CrtYd) (width 0.05))
    (fp_line (start -1.65 -0.73) (end 1.65 -0.73) (layer F.CrtYd) (width 0.05))
    (fp_line (start -1.65 0.73) (end -1.65 -0.73) (layer F.CrtYd) (width 0.05))
    (fp_line (start -0.146267 0.51) (end 0.146267 0.51) (layer F.SilkS) (width 0.12))
    (fp_line (start -0.146267 -0.51) (end 0.146267 -0.51) (layer F.SilkS) (width 0.12))
    (fp_line (start 0.8 0.4) (end -0.8 0.4) (layer F.Fab) (width 0.1))
    (fp_line (start 0.8 -0.4) (end 0.8 0.4) (layer F.Fab) (width 0.1))
    (fp_line (start -0.8 -0.4) (end 0.8 -0.4) (layer F.Fab) (width 0.1))
    (fp_line (start -0.8 0.4) (end -0.8 -0.4) (layer F.Fab) (width 0.1))
    (fp_text user %R (at 0 0) (layer F.Fab)
      (effects (font (size 0.4 0.4) (thickness 0.06)))
    )
    (pad 2 smd roundrect (at 0.8625 0) (size 1.075 0.95) (layers F.Cu F.Paste F.Mask) (roundrect_rratio 0.25)
      (net 1 "Net-(C1-Pad2)"))
    (pad 1 smd roundrect (at -0.8625 0) (size 1.075 0.95) (layers F.Cu F.Paste F.Mask) (roundrect_rratio 0.25)
      (net 2 "Net-(C1-Pad1)"))
    (model ${KISYS3DMOD}/Capacitor_SMD.3dshapes/C_0603_1608Metric.wrl
      (at (xyz 0 0 0))
      (scale (xyz 1 1 1))
      (rotate (xyz 0 0 0))
    )
  )

  (module Capacitor_SMD:C_0603_1608Metric_Pad1.08x0.95mm_HandSolder (layer F.Cu) (tedit 5F68FEEF) (tstamp 61845113)
    (at 42.1475 87.81 180)
    (descr "Capacitor SMD 0603 (1608 Metric), square (rectangular) end terminal, IPC_7351 nominal with elongated pad for handsoldering. (Body size source: IPC-SM-782 page 76, https://www.pcb-3d.com/wordpress/wp-content/uploads/ipc-sm-782a_amendment_1_and_2.pdf), generated with kicad-footprint-generator")
    (tags "capacitor handsolder")
    (path /615133D6)
    (attr smd)
    (fp_text reference C2 (at 2.46 1.2595 90) (layer F.SilkS)
      (effects (font (size 1 1) (thickness 0.15)))
    )
    (fp_text value 100nF (at 0 1.43) (layer F.Fab)
      (effects (font (size 1 1) (thickness 0.15)))
    )
    (fp_line (start -0.8 0.4) (end -0.8 -0.4) (layer F.Fab) (width 0.1))
    (fp_line (start -0.8 -0.4) (end 0.8 -0.4) (layer F.Fab) (width 0.1))
    (fp_line (start 0.8 -0.4) (end 0.8 0.4) (layer F.Fab) (width 0.1))
    (fp_line (start 0.8 0.4) (end -0.8 0.4) (layer F.Fab) (width 0.1))
    (fp_line (start -0.146267 -0.51) (end 0.146267 -0.51) (layer F.SilkS) (width 0.12))
    (fp_line (start -0.146267 0.51) (end 0.146267 0.51) (layer F.SilkS) (width 0.12))
    (fp_line (start -1.65 0.73) (end -1.65 -0.73) (layer F.CrtYd) (width 0.05))
    (fp_line (start -1.65 -0.73) (end 1.65 -0.73) (layer F.CrtYd) (width 0.05))
    (fp_line (start 1.65 -0.73) (end 1.65 0.73) (layer F.CrtYd) (width 0.05))
    (fp_line (start 1.65 0.73) (end -1.65 0.73) (layer F.CrtYd) (width 0.05))
    (fp_text user %R (at 0 0) (layer F.Fab)
      (effects (font (size 0.4 0.4) (thickness 0.06)))
    )
    (pad 1 smd roundrect (at -0.8625 0 180) (size 1.075 0.95) (layers F.Cu F.Paste F.Mask) (roundrect_rratio 0.25)
      (net 3 GND))
    (pad 2 smd roundrect (at 0.8625 0 180) (size 1.075 0.95) (layers F.Cu F.Paste F.Mask) (roundrect_rratio 0.25)
      (net 47 +5V))
    (model ${KISYS3DMOD}/Capacitor_SMD.3dshapes/C_0603_1608Metric.wrl
      (at (xyz 0 0 0))
      (scale (xyz 1 1 1))
      (rotate (xyz 0 0 0))
    )
  )

  (module Capacitor_SMD:C_0603_1608Metric_Pad1.08x0.95mm_HandSolder (layer F.Cu) (tedit 5F68FEEF) (tstamp 61845389)
    (at 57.5525 88.42)
    (descr "Capacitor SMD 0603 (1608 Metric), square (rectangular) end terminal, IPC_7351 nominal with elongated pad for handsoldering. (Body size source: IPC-SM-782 page 76, https://www.pcb-3d.com/wordpress/wp-content/uploads/ipc-sm-782a_amendment_1_and_2.pdf), generated with kicad-footprint-generator")
    (tags "capacitor handsolder")
    (path /6151298B)
    (attr smd)
    (fp_text reference C3 (at -2.3525 -0.02 90) (layer F.SilkS)
      (effects (font (size 1 1) (thickness 0.15)))
    )
    (fp_text value 68nF (at 0 1.43) (layer F.Fab)
      (effects (font (size 1 1) (thickness 0.15)))
    )
    (fp_line (start 1.65 0.73) (end -1.65 0.73) (layer F.CrtYd) (width 0.05))
    (fp_line (start 1.65 -0.73) (end 1.65 0.73) (layer F.CrtYd) (width 0.05))
    (fp_line (start -1.65 -0.73) (end 1.65 -0.73) (layer F.CrtYd) (width 0.05))
    (fp_line (start -1.65 0.73) (end -1.65 -0.73) (layer F.CrtYd) (width 0.05))
    (fp_line (start -0.146267 0.51) (end 0.146267 0.51) (layer F.SilkS) (width 0.12))
    (fp_line (start -0.146267 -0.51) (end 0.146267 -0.51) (layer F.SilkS) (width 0.12))
    (fp_line (start 0.8 0.4) (end -0.8 0.4) (layer F.Fab) (width 0.1))
    (fp_line (start 0.8 -0.4) (end 0.8 0.4) (layer F.Fab) (width 0.1))
    (fp_line (start -0.8 -0.4) (end 0.8 -0.4) (layer F.Fab) (width 0.1))
    (fp_line (start -0.8 0.4) (end -0.8 -0.4) (layer F.Fab) (width 0.1))
    (fp_text user %R (at 0 0) (layer F.Fab)
      (effects (font (size 0.4 0.4) (thickness 0.06)))
    )
    (pad 2 smd roundrect (at 0.8625 0) (size 1.075 0.95) (layers F.Cu F.Paste F.Mask) (roundrect_rratio 0.25)
      (net 6 "Net-(C3-Pad2)"))
    (pad 1 smd roundrect (at -0.8625 0) (size 1.075 0.95) (layers F.Cu F.Paste F.Mask) (roundrect_rratio 0.25)
      (net 5 "Net-(C3-Pad1)"))
    (model ${KISYS3DMOD}/Capacitor_SMD.3dshapes/C_0603_1608Metric.wrl
      (at (xyz 0 0 0))
      (scale (xyz 1 1 1))
      (rotate (xyz 0 0 0))
    )
  )

  (module Capacitor_SMD:C_0603_1608Metric_Pad1.08x0.95mm_HandSolder (layer F.Cu) (tedit 5F68FEEF) (tstamp 61845029)
    (at 62.2993 88.5496)
    (descr "Capacitor SMD 0603 (1608 Metric), square (rectangular) end terminal, IPC_7351 nominal with elongated pad for handsoldering. (Body size source: IPC-SM-782 page 76, https://www.pcb-3d.com/wordpress/wp-content/uploads/ipc-sm-782a_amendment_1_and_2.pdf), generated with kicad-footprint-generator")
    (tags "capacitor handsolder")
    (path /61544112)
    (attr smd)
    (fp_text reference C4 (at -2.3553 0.0504 90) (layer F.SilkS)
      (effects (font (size 1 1) (thickness 0.15)))
    )
    (fp_text value 100nF (at 0 1.43) (layer F.Fab)
      (effects (font (size 1 1) (thickness 0.15)))
    )
    (fp_line (start -0.8 0.4) (end -0.8 -0.4) (layer F.Fab) (width 0.1))
    (fp_line (start -0.8 -0.4) (end 0.8 -0.4) (layer F.Fab) (width 0.1))
    (fp_line (start 0.8 -0.4) (end 0.8 0.4) (layer F.Fab) (width 0.1))
    (fp_line (start 0.8 0.4) (end -0.8 0.4) (layer F.Fab) (width 0.1))
    (fp_line (start -0.146267 -0.51) (end 0.146267 -0.51) (layer F.SilkS) (width 0.12))
    (fp_line (start -0.146267 0.51) (end 0.146267 0.51) (layer F.SilkS) (width 0.12))
    (fp_line (start -1.65 0.73) (end -1.65 -0.73) (layer F.CrtYd) (width 0.05))
    (fp_line (start -1.65 -0.73) (end 1.65 -0.73) (layer F.CrtYd) (width 0.05))
    (fp_line (start 1.65 -0.73) (end 1.65 0.73) (layer F.CrtYd) (width 0.05))
    (fp_line (start 1.65 0.73) (end -1.65 0.73) (layer F.CrtYd) (width 0.05))
    (fp_text user %R (at 0 0) (layer F.Fab)
      (effects (font (size 0.4 0.4) (thickness 0.06)))
    )
    (pad 1 smd roundrect (at -0.8625 0) (size 1.075 0.95) (layers F.Cu F.Paste F.Mask) (roundrect_rratio 0.25)
      (net 47 +5V))
    (pad 2 smd roundrect (at 0.8625 0) (size 1.075 0.95) (layers F.Cu F.Paste F.Mask) (roundrect_rratio 0.25)
      (net 3 GND))
    (model ${KISYS3DMOD}/Capacitor_SMD.3dshapes/C_0603_1608Metric.wrl
      (at (xyz 0 0 0))
      (scale (xyz 1 1 1))
      (rotate (xyz 0 0 0))
    )
  )

  (module Capacitor_SMD:C_0603_1608Metric_Pad1.08x0.95mm_HandSolder (layer F.Cu) (tedit 5F68FEEF) (tstamp 618451BE)
    (at 60.9933 73.0299 180)
    (descr "Capacitor SMD 0603 (1608 Metric), square (rectangular) end terminal, IPC_7351 nominal with elongated pad for handsoldering. (Body size source: IPC-SM-782 page 76, https://www.pcb-3d.com/wordpress/wp-content/uploads/ipc-sm-782a_amendment_1_and_2.pdf), generated with kicad-footprint-generator")
    (tags "capacitor handsolder")
    (path /6154436C)
    (attr smd)
    (fp_text reference C5 (at -0.0302 1.7702) (layer F.SilkS)
      (effects (font (size 1 1) (thickness 0.15)))
    )
    (fp_text value 100nF (at 0 1.43) (layer F.Fab)
      (effects (font (size 1 1) (thickness 0.15)))
    )
    (fp_line (start -0.8 0.4) (end -0.8 -0.4) (layer F.Fab) (width 0.1))
    (fp_line (start -0.8 -0.4) (end 0.8 -0.4) (layer F.Fab) (width 0.1))
    (fp_line (start 0.8 -0.4) (end 0.8 0.4) (layer F.Fab) (width 0.1))
    (fp_line (start 0.8 0.4) (end -0.8 0.4) (layer F.Fab) (width 0.1))
    (fp_line (start -0.146267 -0.51) (end 0.146267 -0.51) (layer F.SilkS) (width 0.12))
    (fp_line (start -0.146267 0.51) (end 0.146267 0.51) (layer F.SilkS) (width 0.12))
    (fp_line (start -1.65 0.73) (end -1.65 -0.73) (layer F.CrtYd) (width 0.05))
    (fp_line (start -1.65 -0.73) (end 1.65 -0.73) (layer F.CrtYd) (width 0.05))
    (fp_line (start 1.65 -0.73) (end 1.65 0.73) (layer F.CrtYd) (width 0.05))
    (fp_line (start 1.65 0.73) (end -1.65 0.73) (layer F.CrtYd) (width 0.05))
    (fp_text user %R (at 0 0) (layer F.Fab)
      (effects (font (size 0.4 0.4) (thickness 0.06)))
    )
    (pad 1 smd roundrect (at -0.8625 0 180) (size 1.075 0.95) (layers F.Cu F.Paste F.Mask) (roundrect_rratio 0.25)
      (net 4 +3V3))
    (pad 2 smd roundrect (at 0.8625 0 180) (size 1.075 0.95) (layers F.Cu F.Paste F.Mask) (roundrect_rratio 0.25)
      (net 3 GND))
    (model ${KISYS3DMOD}/Capacitor_SMD.3dshapes/C_0603_1608Metric.wrl
      (at (xyz 0 0 0))
      (scale (xyz 1 1 1))
      (rotate (xyz 0 0 0))
    )
  )

  (module Capacitor_SMD:C_0603_1608Metric_Pad1.08x0.95mm_HandSolder (layer F.Cu) (tedit 5F68FEEF) (tstamp 6184518E)
    (at 43.48 78.02 90)
    (descr "Capacitor SMD 0603 (1608 Metric), square (rectangular) end terminal, IPC_7351 nominal with elongated pad for handsoldering. (Body size source: IPC-SM-782 page 76, https://www.pcb-3d.com/wordpress/wp-content/uploads/ipc-sm-782a_amendment_1_and_2.pdf), generated with kicad-footprint-generator")
    (tags "capacitor handsolder")
    (path /6158AC0D)
    (attr smd)
    (fp_text reference C6 (at 0 -1.43 90) (layer F.SilkS)
      (effects (font (size 1 1) (thickness 0.15)))
    )
    (fp_text value 100nF (at 0 1.43 90) (layer F.Fab)
      (effects (font (size 1 1) (thickness 0.15)))
    )
    (fp_line (start 1.65 0.73) (end -1.65 0.73) (layer F.CrtYd) (width 0.05))
    (fp_line (start 1.65 -0.73) (end 1.65 0.73) (layer F.CrtYd) (width 0.05))
    (fp_line (start -1.65 -0.73) (end 1.65 -0.73) (layer F.CrtYd) (width 0.05))
    (fp_line (start -1.65 0.73) (end -1.65 -0.73) (layer F.CrtYd) (width 0.05))
    (fp_line (start -0.146267 0.51) (end 0.146267 0.51) (layer F.SilkS) (width 0.12))
    (fp_line (start -0.146267 -0.51) (end 0.146267 -0.51) (layer F.SilkS) (width 0.12))
    (fp_line (start 0.8 0.4) (end -0.8 0.4) (layer F.Fab) (width 0.1))
    (fp_line (start 0.8 -0.4) (end 0.8 0.4) (layer F.Fab) (width 0.1))
    (fp_line (start -0.8 -0.4) (end 0.8 -0.4) (layer F.Fab) (width 0.1))
    (fp_line (start -0.8 0.4) (end -0.8 -0.4) (layer F.Fab) (width 0.1))
    (fp_text user %R (at 0 0 90) (layer F.Fab)
      (effects (font (size 0.4 0.4) (thickness 0.06)))
    )
    (pad 2 smd roundrect (at 0.8625 0 90) (size 1.075 0.95) (layers F.Cu F.Paste F.Mask) (roundrect_rratio 0.25)
      (net 3 GND))
    (pad 1 smd roundrect (at -0.8625 0 90) (size 1.075 0.95) (layers F.Cu F.Paste F.Mask) (roundrect_rratio 0.25)
      (net 47 +5V))
    (model ${KISYS3DMOD}/Capacitor_SMD.3dshapes/C_0603_1608Metric.wrl
      (at (xyz 0 0 0))
      (scale (xyz 1 1 1))
      (rotate (xyz 0 0 0))
    )
  )

  (module Capacitor_SMD:C_0603_1608Metric_Pad1.08x0.95mm_HandSolder (layer F.Cu) (tedit 5F68FEEF) (tstamp 61844D0E)
    (at 57.4675 60.415 90)
    (descr "Capacitor SMD 0603 (1608 Metric), square (rectangular) end terminal, IPC_7351 nominal with elongated pad for handsoldering. (Body size source: IPC-SM-782 page 76, https://www.pcb-3d.com/wordpress/wp-content/uploads/ipc-sm-782a_amendment_1_and_2.pdf), generated with kicad-footprint-generator")
    (tags "capacitor handsolder")
    (path /615D22E9)
    (attr smd)
    (fp_text reference C8 (at 0.0265 -1.524 90) (layer F.SilkS)
      (effects (font (size 1 1) (thickness 0.15)))
    )
    (fp_text value 100nF (at 0 1.43 90) (layer F.Fab)
      (effects (font (size 1 1) (thickness 0.15)))
    )
    (fp_line (start 1.65 0.73) (end -1.65 0.73) (layer F.CrtYd) (width 0.05))
    (fp_line (start 1.65 -0.73) (end 1.65 0.73) (layer F.CrtYd) (width 0.05))
    (fp_line (start -1.65 -0.73) (end 1.65 -0.73) (layer F.CrtYd) (width 0.05))
    (fp_line (start -1.65 0.73) (end -1.65 -0.73) (layer F.CrtYd) (width 0.05))
    (fp_line (start -0.146267 0.51) (end 0.146267 0.51) (layer F.SilkS) (width 0.12))
    (fp_line (start -0.146267 -0.51) (end 0.146267 -0.51) (layer F.SilkS) (width 0.12))
    (fp_line (start 0.8 0.4) (end -0.8 0.4) (layer F.Fab) (width 0.1))
    (fp_line (start 0.8 -0.4) (end 0.8 0.4) (layer F.Fab) (width 0.1))
    (fp_line (start -0.8 -0.4) (end 0.8 -0.4) (layer F.Fab) (width 0.1))
    (fp_line (start -0.8 0.4) (end -0.8 -0.4) (layer F.Fab) (width 0.1))
    (fp_text user %R (at 0 0 90) (layer F.Fab)
      (effects (font (size 0.4 0.4) (thickness 0.06)))
    )
    (pad 2 smd roundrect (at 0.8625 0 90) (size 1.075 0.95) (layers F.Cu F.Paste F.Mask) (roundrect_rratio 0.25)
      (net 7 "Net-(C8-Pad2)"))
    (pad 1 smd roundrect (at -0.8625 0 90) (size 1.075 0.95) (layers F.Cu F.Paste F.Mask) (roundrect_rratio 0.25)
      (net 3 GND))
    (model ${KISYS3DMOD}/Capacitor_SMD.3dshapes/C_0603_1608Metric.wrl
      (at (xyz 0 0 0))
      (scale (xyz 1 1 1))
      (rotate (xyz 0 0 0))
    )
  )

  (module Capacitor_SMD:C_0603_1608Metric_Pad1.08x0.95mm_HandSolder (layer F.Cu) (tedit 5F68FEEF) (tstamp 618450E3)
    (at 82.4068 65.0271 270)
    (descr "Capacitor SMD 0603 (1608 Metric), square (rectangular) end terminal, IPC_7351 nominal with elongated pad for handsoldering. (Body size source: IPC-SM-782 page 76, https://www.pcb-3d.com/wordpress/wp-content/uploads/ipc-sm-782a_amendment_1_and_2.pdf), generated with kicad-footprint-generator")
    (tags "capacitor handsolder")
    (path /615F2DE9)
    (attr smd)
    (fp_text reference C10 (at 0.0375 1.475 90) (layer F.SilkS)
      (effects (font (size 1 1) (thickness 0.15)))
    )
    (fp_text value 15pF (at 0 1.43 90) (layer F.Fab)
      (effects (font (size 1 1) (thickness 0.15)))
    )
    (fp_line (start 1.65 0.73) (end -1.65 0.73) (layer F.CrtYd) (width 0.05))
    (fp_line (start 1.65 -0.73) (end 1.65 0.73) (layer F.CrtYd) (width 0.05))
    (fp_line (start -1.65 -0.73) (end 1.65 -0.73) (layer F.CrtYd) (width 0.05))
    (fp_line (start -1.65 0.73) (end -1.65 -0.73) (layer F.CrtYd) (width 0.05))
    (fp_line (start -0.146267 0.51) (end 0.146267 0.51) (layer F.SilkS) (width 0.12))
    (fp_line (start -0.146267 -0.51) (end 0.146267 -0.51) (layer F.SilkS) (width 0.12))
    (fp_line (start 0.8 0.4) (end -0.8 0.4) (layer F.Fab) (width 0.1))
    (fp_line (start 0.8 -0.4) (end 0.8 0.4) (layer F.Fab) (width 0.1))
    (fp_line (start -0.8 -0.4) (end 0.8 -0.4) (layer F.Fab) (width 0.1))
    (fp_line (start -0.8 0.4) (end -0.8 -0.4) (layer F.Fab) (width 0.1))
    (fp_text user %R (at 0 0 90) (layer F.Fab)
      (effects (font (size 0.4 0.4) (thickness 0.06)))
    )
    (pad 2 smd roundrect (at 0.8625 0 270) (size 1.075 0.95) (layers F.Cu F.Paste F.Mask) (roundrect_rratio 0.25)
      (net 8 "Net-(C10-Pad2)"))
    (pad 1 smd roundrect (at -0.8625 0 270) (size 1.075 0.95) (layers F.Cu F.Paste F.Mask) (roundrect_rratio 0.25)
      (net 3 GND))
    (model ${KISYS3DMOD}/Capacitor_SMD.3dshapes/C_0603_1608Metric.wrl
      (at (xyz 0 0 0))
      (scale (xyz 1 1 1))
      (rotate (xyz 0 0 0))
    )
  )

